1 0.696259 0.495438 0.139599 0.140511
3 0.510128 0.631387 0.090328 0.069343
0 0.239142 0.608577 0.161496 0.100365
0 0.263549 0.557208 0.143704 0.088504
0 0.423677 0.501551 0.078011 0.055657
0 0.318978 0.514325 0.095803 0.064781
0 0.336314 0.480803 0.060219 0.040146
0 0.392701 0.414015 0.061314 0.040876
0 0.495620 0.397956 0.050365 0.036496
0 0.465511 0.386642 0.042701 0.031387
0 0.527920 0.377883 0.036131 0.032847
1 0.628102 0.424234 0.083212 0.064234
1 0.578832 0.397226 0.045985 0.052555
0 0.436638 0.400041 0.024331 0.025345
3 0.862348 0.802530 0.074574 0.089246
3 0.901933 0.676064 0.166261 0.041763
3 0.911564 0.705910 0.120641 0.050370
3 0.954008 0.775345 0.091984 0.055420
3 0.152499 0.762374 0.222009 0.077588
3 0.173683 0.690746 0.245335 0.085078
1 0.617701 0.400876 0.001095 0.000000