0 0.412925 0.895985 0.243226 0.208029
0 0.657367 0.837591 0.211607 0.171533
0 0.924150 0.925182 0.151700 0.149635
0 0.800871 0.718978 0.197013 0.131387
0 0.622100 0.670620 0.155665 0.122263
0 0.762156 0.618229 0.115212 0.072032
0 0.673186 0.566366 0.119053 0.058586
0 0.568215 0.555801 0.083209 0.056665
0 0.557862 0.504663 0.063960 0.039876
0 0.645243 0.510408 0.058554 0.028386
0 0.747038 0.522574 0.056753 0.035145
0 0.608759 0.482698 0.057654 0.028386
0 0.549754 0.466815 0.040538 0.019600
0 0.541647 0.446540 0.042339 0.023655
0 0.586540 0.461103 0.049925 0.017288
0 0.584940 0.446696 0.032644 0.014406
0 0.711674 0.503121 0.028803 0.026412
3 0.927295 0.672821 0.061947 0.075569
0 0.159770 0.868171 0.268286 0.227826
0 0.074071 0.763425 0.143330 0.207247
0 0.426882 0.718905 0.110911 0.155474
0 0.151549 0.680292 0.184852 0.087591
0 0.298944 0.675182 0.148855 0.103650
0 0.464825 0.624453 0.093399 0.069343
0 0.468716 0.574453 0.081724 0.043796
0 0.474554 0.542701 0.066158 0.034307
0 0.474067 0.519708 0.051564 0.029197
0 0.484769 0.492336 0.043781 0.028467
0 0.351968 0.596350 0.071995 0.064234
0 0.380885 0.539680 0.086155 0.040347
0 0.231711 0.603197 0.103162 0.062925
0 0.241356 0.525799 0.070452 0.045306
0 0.049291 0.568273 0.097291 0.061037
3 0.193877 0.517664 0.021150 0.042879
0 0.289162 0.555374 0.082194 0.046564
0 0.321872 0.514158 0.062065 0.044677
0 0.407840 0.516046 0.046129 0.029575
0 0.340324 0.468852 0.046968 0.030833