0 0.677389 0.466241 0.076702 0.100365
0 0.743134 0.601277 0.057222 0.067518
0 0.861231 0.659672 0.115662 0.096715
0 0.662170 0.690693 0.092530 0.067518
0 0.645125 0.806569 0.107140 0.094891
0 0.540421 0.701642 0.104705 0.067518
0 0.322489 0.702555 0.092530 0.058394
0 0.350492 0.789234 0.099835 0.038321
0 0.343187 0.843978 0.126620 0.045620
0 0.407714 0.878650 0.124185 0.118613
0 0.133169 0.941606 0.105922 0.113139
0 0.369971 0.585766 0.065745 0.069343
0 0.313967 0.604015 0.046265 0.083942
0 0.265267 0.616788 0.048700 0.080292
0 0.220220 0.637774 0.043830 0.067518
0 0.169693 0.666058 0.040177 0.098540
0 0.229959 0.738139 0.073050 0.104015
0 0.127690 0.675182 0.046265 0.080292
0 0.084469 0.697080 0.062092 0.080292
0 0.027855 0.720803 0.038960 0.076642
0 0.397378 0.461405 0.040786 0.099453
0 0.303326 0.505201 0.034090 0.084854
0 0.264123 0.511131 0.028002 0.067518
0 0.215727 0.543978 0.034699 0.083942
0 0.172202 0.548084 0.036525 0.099453
0 0.041017 0.606934 0.034699 0.093066
0 0.080281 0.595073 0.030437 0.082117
0 0.202639 0.331843 0.080355 0.048358
0 0.201422 0.308577 0.000000 0.001825
0 0.875914 0.333668 0.042612 0.068431
0 0.801343 0.277555 0.050526 0.078467
0 0.917005 0.316332 0.040786 0.061131
0 0.862096 0.245803 0.034699 0.063869
0 0.893446 0.225274 0.038960 0.070255
0 0.925101 0.207482 0.028002 0.071168
0 0.953104 0.301460 0.037742 0.072993
0 0.873358 0.160493 0.062092 0.050182
0 0.940320 0.118978 0.054787 0.087591
0 0.893446 0.043339 0.121750 0.086678
0 0.976247 0.382299 0.047505 0.054745
0 0.919927 0.942974 0.091921 0.112226