0 0.577494 0.920620 0.164234 0.158759
3 0.443066 0.917883 0.048662 0.164234
0 0.282482 0.862226 0.262774 0.275547
3 0.191241 0.623175 0.053528 0.082117
0 0.269100 0.677920 0.182482 0.093066
0 0.367640 0.583942 0.109489 0.116788
0 0.444282 0.702555 0.150852 0.120438
0 0.663869 0.708942 0.105839 0.187956
3 0.621290 0.585766 0.052311 0.113139
0 0.534307 0.593066 0.082725 0.127737
3 0.455268 0.534595 0.040274 0.097752
0 0.470450 0.477514 0.072993 0.096539
0 0.529315 0.496056 0.108312 0.085354
0 0.598383 0.487815 0.094184 0.080645
0 0.515972 0.435366 0.070638 0.063574
0 0.536771 0.402990 0.057295 0.057688
0 0.635076 0.441547 0.067106 0.087709
0 0.648418 0.397692 0.059258 0.065929
0 0.672749 0.366200 0.048269 0.059454
0 0.751236 0.359430 0.039636 0.045915
0 0.761243 0.379444 0.040028 0.034142
0 0.752413 0.411820 0.054548 0.054156
0 0.728475 0.474276 0.082019 0.116671
0 0.723962 0.583412 0.098108 0.119496
0 0.800879 0.356251 0.015697 0.058865
3 0.581529 0.393933 0.041639 0.062382
3 0.627435 0.349016 0.019646 0.039194
3 0.601232 0.211528 0.011977 0.024555
3 0.620163 0.302390 0.016875 0.046503
3 0.593225 0.318214 0.014015 0.048996
3 0.715805 0.356395 0.016397 0.060298
3 0.518777 0.367106 0.017984 0.043637
3 0.746827 0.291428 0.015125 0.059676
3 0.762445 0.316335 0.008220 0.050306
3 0.781186 0.331624 0.012823 0.053265
3 0.660189 0.303018 0.017426 0.029592