3 0.485493 0.958942 0.117701 0.082116
0 0.745529 0.713504 0.139599 0.062044
3 0.355474 0.768248 0.076642 0.065693
3 0.435569 0.643588 0.032100 0.043305
3 0.514394 0.642789 0.033068 0.036093
0 0.595079 0.624025 0.071734 0.039643
0 0.637553 0.590675 0.058520 0.035867
0 0.560628 0.569909 0.044362 0.023282
3 0.514177 0.589674 0.025081 0.029058
0 0.403473 0.572112 0.041530 0.023911
3 0.511547 0.561221 0.012270 0.018006
3 0.489757 0.550959 0.017772 0.017135
0 0.572426 0.546942 0.033979 0.018877
0 0.921931 0.550814 0.035794 0.020588
0 0.820513 0.540988 0.035093 0.016844